# dt	sn
# time = 0.033336500953765086
0.026688	0.002153
0.026718	0.002163
0.026749	0.002161
0.026779	0.002154
0.026810	0.002145
0.026840	0.002156
0.026871	0.002159
0.026901	0.002149
0.026932	0.002150
0.026962	0.002151
0.026993	0.002163
0.027023	0.002148
0.027054	0.002141
0.027084	0.002154
0.027115	0.002155
0.027145	0.002147
0.027176	0.002150
0.027206	0.002162
0.027237	0.002154
0.027267	0.002155
0.027298	0.002145
0.027328	0.002159
0.027359	0.002156
0.027389	0.002146
0.027420	0.002149
0.027450	0.002154
0.027481	0.002159
0.027511	0.002145
0.027542	0.002148
0.027572	0.002160
0.027603	0.002152
0.027633	0.002146
0.027664	0.002143
0.027694	0.002145
0.027725	0.002145
0.027755	0.002143
0.027786	0.002147
0.027816	0.002155
0.027847	0.002153
0.027877	0.002148
0.027908	0.002148
0.027938	0.002152
0.027969	0.002155
0.027999	0.002145
0.028030	0.002136
0.028060	0.002162
0.028091	0.002156
0.028121	0.002151
0.028152	0.002148
0.028182	0.002158
0.028213	0.002156
0.028243	0.002142
0.028274	0.002146
0.028304	0.002150
0.028335	0.002154
0.028365	0.002141
0.028396	0.002140
0.028426	0.002154
0.028457	0.002143
0.028487	0.002149
0.028518	0.002138
0.028548	0.002140
0.028579	0.002151
0.028609	0.002140
0.028640	0.002131
0.028670	0.002143
0.028701	0.002153
0.028731	0.002141
0.028762	0.002142
0.028792	0.002147
0.028823	0.002145
0.028853	0.002143
0.028884	0.002134
0.028914	0.002144
0.028945	0.002139
0.028975	0.002132
0.029006	0.002140
0.029036	0.002155
0.029067	0.002147
0.029097	0.002136
0.029128	0.002139
0.029158	0.002143
0.029189	0.002153
0.029219	0.002138
0.029250	0.002137
0.029280	0.002147
0.029311	0.002145
0.029341	0.002132
0.029372	0.002137
0.029402	0.002147
0.029433	0.002143
0.029463	0.002135
0.029494	0.002143
0.029524	0.002152
0.029555	0.002152
0.029585	0.002136
0.029616	0.002136
0.029646	0.002143
0.029677	0.002147
0.029707	0.002137
0.029738	0.002141
0.029768	0.002148
0.029799	0.002150
0.029829	0.002143
0.029860	0.002138
0.029890	0.002140
0.029921	0.002150
0.029951	0.002140
0.029982	0.002142
0.030012	0.002154
0.030043	0.002149
0.030073	0.002149
0.030104	0.002143
0.030134	0.002151
0.030165	0.002147
0.030195	0.002138
0.030226	0.002137
0.030256	0.002142
0.030287	0.002141
0.030317	0.002131
0.030348	0.002128
0.030378	0.002144
0.030409	0.002142
0.030439	0.002134
0.030470	0.002129
0.030500	0.002144
0.030531	0.002143
0.030561	0.002134
0.030592	0.002130
0.030622	0.002144
0.030653	0.002145
0.030683	0.002136
0.030714	0.002131
0.030744	0.002141
0.030775	0.002149
0.030805	0.002127
0.030836	0.002137
0.030866	0.002139
0.030897	0.002148
0.030927	0.002136
0.030958	0.002131
0.030988	0.002144
0.031019	0.002147
0.031049	0.002136
0.031080	0.002135
0.031110	0.002147
0.031141	0.002144
0.031171	0.002137
0.031202	0.002132
0.031232	0.002142
0.031263	0.002142
0.031293	0.002128
0.031324	0.002136
0.031354	0.002141
0.031385	0.002136
0.031415	0.002129
0.031446	0.002127
0.031476	0.002139
0.031507	0.002140
0.031537	0.002135
0.031568	0.002136
0.031598	0.002141
0.031629	0.002135
0.031659	0.002135
0.031690	0.002134
0.031720	0.002140
0.031751	0.002137
0.031781	0.002131
0.031812	0.002133
0.031842	0.002138
0.031873	0.002139
0.031903	0.002132
0.031934	0.002137
0.031964	0.002132
0.031995	0.002144
0.032025	0.002136
0.032056	0.002131
0.032086	0.002136
0.032117	0.002146
0.032147	0.002129
0.032178	0.002134
0.032208	0.002143
0.032239	0.002137
0.032269	0.002130
0.032300	0.002127
0.032330	0.002133
0.032361	0.002134
0.032391	0.002122
0.032422	0.002131
0.032452	0.002138
0.032483	0.002137
0.032513	0.002130
0.032544	0.002128
0.032574	0.002147
0.032605	0.002134
0.032635	0.002129
0.032666	0.002128
0.032696	0.002143
0.032727	0.002138
0.032757	0.002118
0.032788	0.002128
0.032818	0.002145
0.032849	0.002136
0.032879	0.002136
0.032910	0.002130
0.032940	0.002139
0.032971	0.002134
0.033001	0.002130
0.033032	0.002128
0.033062	0.002140
0.033093	0.002141
0.033123	0.002134
0.033154	0.002129
0.033184	0.002130
0.033215	0.002140
0.033245	0.002129
0.033276	0.002124
0.033306	0.002134
0.033337	0.002128
0.033367	0.002130
0.033398	0.002124
0.033428	0.002140
0.033459	0.002136
0.033489	0.002126
0.033520	0.002116
0.033550	0.002131
0.033581	0.002138
0.033611	0.002126
0.033642	0.002130
0.033672	0.002134
0.033703	0.002138
0.033733	0.002129
0.033764	0.002128
0.033794	0.002139
0.033825	0.002143
0.033855	0.002132
0.033886	0.002128
0.033916	0.002137
0.033947	0.002142
0.033977	0.002130
0.034008	0.002134
0.034038	0.002142
0.034069	0.002136
0.034099	0.002130
0.034130	0.002128
0.034160	0.002130
0.034191	0.002136
0.034221	0.002129
0.034252	0.002127
0.034282	0.002139
0.034313	0.002135
0.034343	0.002128
0.034374	0.002130
0.034404	0.002141
0.034435	0.002136
0.034465	0.002133
0.034496	0.002129
0.034526	0.002138
0.034557	0.002145
0.034587	0.002133
0.034618	0.002122
0.034648	0.002149
0.034679	0.002140
0.034709	0.002121
0.034740	0.002125
0.034770	0.002131
0.034801	0.002136
0.034831	0.002122
0.034862	0.002125
0.034892	0.002135
0.034923	0.002135
0.034953	0.002130
0.034984	0.002118
0.035014	0.002133
0.035045	0.002137
0.035075	0.002261
0.035106	0.002136
0.035136	0.002136
0.035167	0.002142
0.035197	0.002128
0.035228	0.002180
0.035258	0.002163
0.035289	0.002397
0.035319	0.002217
0.035350	0.002254
0.035380	0.002182
0.035411	0.002183
0.035441	0.002486
0.035472	0.002484
0.035502	0.002311
0.035533	0.002328
0.035563	0.002352
0.035594	0.002449
0.035624	0.002437
0.035655	0.002379
0.035685	0.003006
0.035716	0.002801
0.035746	0.003223
0.035777	0.003455
0.035807	0.003446
0.035838	0.003650
0.035868	0.004201
0.035899	0.004271
0.035929	0.004427
0.035960	0.005112
0.035990	0.005209
0.036021	0.006612
0.036051	0.006807
0.036082	0.007789
0.036112	0.009499
0.036143	0.010014
0.036173	0.011027
0.036204	0.012606
0.036234	0.013380
0.036265	0.014570
0.036295	0.016003
0.036326	0.017557
0.036356	0.019397
0.036387	0.021824
0.036417	0.021130
0.036448	0.024533
0.036478	0.025499
0.036509	0.024943
0.036539	0.025877
0.036570	0.026394
0.036600	0.028452
0.036631	0.030885
0.036661	0.032696
0.036692	0.032500
0.036722	0.032822
0.036753	0.034060
0.036783	0.034247
0.036814	0.034106
0.036844	0.034999
0.036875	0.036208
0.036905	0.037805
0.036936	0.038424
0.036966	0.038224
0.036997	0.040357
0.037027	0.038700
0.037058	0.039003
0.037088	0.039601
0.037119	0.038984
0.037149	0.039722
0.037180	0.037142
0.037210	0.035591
0.037241	0.036650
0.037271	0.032936
0.037302	0.032900
0.037332	0.034215
0.037363	0.030520
0.037393	0.030052
0.037424	0.028718
0.037454	0.027392
0.037485	0.025385
0.037515	0.023602
0.037546	0.022823
0.037576	0.021708
0.037607	0.018886
0.037637	0.019480
0.037668	0.016714
0.037698	0.016266
0.037729	0.014593
0.037759	0.014034
0.037790	0.013569
0.037820	0.013099
0.037851	0.011585
0.037881	0.010153
0.037912	0.009139
0.037942	0.007852
0.037973	0.008111
0.038003	0.006361
0.038034	0.006330
0.038064	0.006853
0.038095	0.005466
0.038125	0.004853
0.038156	0.004597
0.038186	0.004372
0.038217	0.004550
0.038247	0.004123
0.038278	0.003809
0.038308	0.003541
0.038339	0.003934
0.038369	0.003164
0.038400	0.002883
0.038430	0.002919
0.038461	0.002571
0.038491	0.002570
0.038522	0.002685
0.038552	0.002544
0.038583	0.002400
0.038613	0.002381
0.038644	0.002286
0.038674	0.002308
0.038705	0.002301
0.038735	0.002129
0.038766	0.002233
0.038796	0.002121
0.038827	0.002130
0.038857	0.002121
0.038888	0.002115
0.038918	0.002102
0.038949	0.002127
0.038979	0.002108
0.039010	0.002110
0.039040	0.002134
0.039071	0.002116
0.039101	0.002103
0.039132	0.002094
0.039162	0.002112
0.039193	0.002111
0.039223	0.002103
0.039254	0.002094
0.039284	0.002112
0.039315	0.002108
0.039345	0.002101
0.039376	0.002102
0.039406	0.002108
0.039437	0.002104
0.039467	0.002098
0.039498	0.002098
0.039528	0.002104
0.039559	0.002112
0.039589	0.002110
0.039620	0.002101
0.039650	0.002106
0.039681	0.002114
0.039711	0.002106
0.039742	0.002098
0.039772	0.002108
0.039803	0.002112
0.039833	0.002113
0.039864	0.002112
0.039894	0.002110
0.039925	0.002115
0.039955	0.002102
0.039986	0.002108
